anaks-*itast 111311 Dr. 3311111113 51391311 aaa Ixia Santram-{ath 31

11313311 1131111311 13331133 11111133, 111333 1113 31113 31131 3311313 1113331· Intar-
p-fflt-fltiflnfln 1131 [11333111 31311311 ς11313331] 313111111311- 3311 3113111331 131.. 111333
111131 1133111133 1131 13333333 1131 Synna-len 1131· 3131311 333113 ,Ϊ31111313113113
113313 33311, 3331111313 313 3313 Hagmatana allssflitiger Foraehungen {angat
gflwflrrlen 31311, 1113 1131333333 113113333133111131 gehen, 1131111 11331] 3133 33
133133 Ι3131Ῑ113131133 1131· 13113333113333 313111 1113 133111313ηὲ 3311311111-
ger 1133311313 3131133, 033 Vol-war} [131 Ἦ11133111333311, 1133 1131 113-
3333331 gegen 313133 Ι3131Ῑ1131311133 31113111, 111333 1311 331331113333 33ὴ
11131111131333. Β3113133 fsu· 1113333 1’1131111311 11311 31 313111 3111133111.

1111 1131311 31311 3111 1113 111111131333 1133 Β11333333113, 1313131131 1133
1131· 11131133113 1131111311 (3. 2511) 3311 33311 ‚Saluuii-22 111111 31311 113-
11111, 11333 11131 133 Π3113133111311311 1131 1131113331 3333133333 11131113,
1331133 3111 1131331· Silae 1113 Reda 13113 Ι311 113113 1113 1113111313 11311133
13 11133313 1333333333 1131131311 31111311, 11333 1311 11333311133 13 ῗ3111131133ς
3111111331 313133 3333331133 bringa. 13 1131311313 1131313 1133 33331 1133113313
11311ῠὲ1 wit-d, weil 1113 3113313133 (131 311131-1133111311 1133 Ε1331113Ε3333
1111 1133 11113331 3313133131 1111111. 1131 311131 Εἶ111131333· 1113331 3113111313.
1131113111 111333 1111331131 33 31131 Faue gedassht 1113111331 1113331113 11333
3311131131 gera-nme zflit 33311 1131 Errant-dung 1133 31311313 3333113333,
31131 331311131331 1131 (131333311311 3313311133, 33 11333 1131 1133113333
31311 3113313113 13 1131 N 3111113111 11313311, 1311 113113 111311131 1113 1111311-
113113 1133111331333113333ἓι 111131 1113 Tfidtung 1131 Η11113131311133· 3311 331·
1131113331 dargelssgt. [133 gal-ingen 1311333313 1131131311 113113 33131131
Grandes zurfisskgflfflhrt‚ 331· 1113 Ὶ1313.113,ἓ1333131;3 3313311311111313 1111331333
111111 auf 1113 131133111313 1131113331, 111333 1113131333 1131311 3313131133
33 11131133, 11333 1113 1131113331- 3331111131111311 313111 11333-1311331 1131113,
1313313131331111311; 1131 1131- 311311131311 1311 13 ἱ131131· 31131133311131133
Η33113131113Ε 1131 Fau 1131 Ν3111113111 31313 13 Ε1113Η33ἕ 311 3131133.

Rei 1131 113333 1111- 31131133 3311313 1311 31333 3111113333 311 (S. 2S2J;
1131133 Ἰ1113113133111 1331111. 1131 1133333331. Τ11313331111311 3333313111 33
333. 113111 11133113, 11311 13 313313 Ἶ1311131ἕ311331133 3113333333 1131 31131·-
133 mit awanzigiahrigflr 1111333311, hier 1311 31331 11311311113133 ’133333311
1131331 111111, 31111113 113311 wohl 33 313 3311313 333113311133 var-gaham
311 1131111133 iat.

1333 1133333333 3Ι13ἕ111311113 3331331331 ’3311 11331 33331313, 11131
133111 333333333 33111313313 31111313 1311 133 1131· 1333313113 3111111313
iu] folgendflu Β333333113 wire! 113131 Bflrufung 331Ὶ 1133 33331311331133
flam-m 43. 1113 ’11333333 1131 Ehe 113 Ἶ1111331311 311131 31133 1113313333]
31313311 1311131331 1131131 111111 1131 3331113311 3313113311111 geht-amhn
1113131131 11313 11331131] 33331133 33 31133 und Elvira 111111 1311 11331
333313113311311 [1331111 3311133311133 333313113333·Ι fiir 1113 ‘I'rennung 1313

